#model_type   : 2-layer LSTM
#seq_length   : 30
#input_dim    : 93
#num_classes  : 93
#num_hidden   : 128
#batch_size   : 64
#learn_rate   : 0.002
#train_steps  : 50000
#max_norm     : 5.0
#lr_decay     : 0.96
#lr_step      : 5000
#train_step accuracy loss
0 0.001 4.534
100 0.168 3.084
200 0.296 2.583
300 0.366 2.247
400 0.436 1.958
500 0.452 1.864
600 0.478 1.769
700 0.481 1.741
800 0.521 1.649
900 0.512 1.684
1000 0.551 1.558
1100 0.557 1.553
1200 0.558 1.549
1300 0.571 1.460
1400 0.548 1.502
1500 0.532 1.540
1600 0.584 1.402
1700 0.555 1.514
1800 0.571 1.387
1900 0.583 1.374
2000 0.586 1.368
2100 0.582 1.375
2200 0.580 1.393
2300 0.591 1.375
2400 0.609 1.332
2500 0.588 1.382
2600 0.596 1.323
2700 0.610 1.310
2800 0.615 1.279
2900 0.618 1.274
3000 0.604 1.300
3100 0.578 1.330
3200 0.625 1.212
3300 0.621 1.244
3400 0.604 1.297
3500 0.621 1.257
3600 0.619 1.232
3700 0.620 1.210
3800 0.617 1.268
3900 0.620 1.246
4000 0.626 1.226
4100 0.624 1.242
4200 0.612 1.268
4300 0.623 1.207
4400 0.616 1.289
4500 0.637 1.205
4600 0.639 1.152
4700 0.621 1.220
4800 0.613 1.239
4900 0.637 1.246
5000 0.617 1.210
5100 0.630 1.239
5200 0.605 1.275
5300 0.642 1.164
5400 0.621 1.224
5500 0.634 1.160
5600 0.643 1.185
5700 0.641 1.156
5800 0.644 1.178
5900 0.639 1.173
6000 0.610 1.198
6100 0.630 1.173
6200 0.640 1.180
6300 0.645 1.129
6400 0.635 1.226
6500 0.636 1.187
6600 0.633 1.160
6700 0.634 1.174
6800 0.633 1.200
6900 0.652 1.107
7000 0.646 1.132
7100 0.637 1.152
7200 0.651 1.152
7300 0.642 1.159
7400 0.644 1.136
7500 0.673 1.067
7600 0.663 1.098
7700 0.654 1.111
7800 0.649 1.149
7900 0.661 1.134
8000 0.628 1.192
8100 0.669 1.084
8200 0.633 1.184
8300 0.671 1.103
8400 0.661 1.115
8500 0.663 1.083
8600 0.643 1.137
8700 0.660 1.085
8800 0.661 1.084
8900 0.655 1.119
9000 0.655 1.125
9100 0.658 1.098
9200 0.656 1.133
9300 0.645 1.108
9400 0.641 1.127
9500 0.649 1.133
9600 0.662 1.125
9700 0.645 1.130
9800 0.653 1.123
9900 0.654 1.088
10000 0.645 1.130
10100 0.647 1.104
10200 0.657 1.114
10300 0.671 1.105
10400 0.646 1.121
10500 0.664 1.094
10600 0.663 1.069
10700 0.675 1.077
10800 0.649 1.125
10900 0.642 1.140
11000 0.632 1.173
11100 0.674 1.062
11200 0.652 1.111
11300 0.663 1.090
11400 0.667 1.076
11500 0.657 1.112
11600 0.649 1.095
11700 0.655 1.095
11800 0.661 1.051
11900 0.665 1.080
12000 0.658 1.085
12100 0.681 1.041
12200 0.688 0.983
12300 0.683 1.034
12400 0.648 1.098
12500 0.669 1.075
12600 0.647 1.099
12700 0.672 1.057
12800 0.666 1.035
12900 0.674 1.019
13000 0.668 1.099
13100 0.656 1.095
13200 0.666 1.056
13300 0.676 1.030
13400 0.689 1.017
13500 0.685 1.011
13600 0.682 1.036
13700 0.659 1.112
13800 0.666 1.044
13900 0.672 1.072
14000 0.689 1.020
14100 0.673 1.056
14200 0.682 1.074
14300 0.671 1.036
14400 0.679 1.019
14500 0.680 1.039
14600 0.673 1.026
14700 0.673 1.039
14800 0.673 1.066
14900 0.706 0.975
15000 0.652 1.074
15100 0.670 1.054
15200 0.686 0.975
15300 0.664 1.028
15400 0.680 0.988
15500 0.675 1.066
15600 0.661 1.045
15700 0.683 1.018
15800 0.679 1.040
15900 0.672 1.014
16000 0.661 1.055
16100 0.688 1.000
16200 0.680 1.040
16300 0.669 1.054
16400 0.674 1.022
16500 0.677 1.025
16600 0.710 0.977
16700 0.676 1.054
16800 0.683 1.032
16900 0.675 0.987
17000 0.673 1.015
17100 0.693 1.011
17200 0.676 1.055
17300 0.676 1.052
17400 0.661 1.066
17500 0.668 1.026
17600 0.669 1.067
17700 0.680 1.034
17800 0.684 1.034
17900 0.676 1.043
18000 0.682 1.012
18100 0.701 0.981
18200 0.682 1.004
18300 0.702 0.998
18400 0.667 1.071
18500 0.682 1.025
18600 0.674 1.007
18700 0.677 0.984
18800 0.702 0.970
18900 0.682 1.008
19000 0.696 0.991
19100 0.673 1.048
19200 0.676 1.042
19300 0.683 1.024
19400 0.674 1.040
19500 0.679 1.044
19600 0.692 0.989
19700 0.682 0.987
19800 0.665 1.043
19900 0.694 1.001
20000 0.694 0.969
20100 0.689 0.980
20200 0.691 1.001
20300 0.670 1.033
20400 0.683 1.007
20500 0.680 1.033
20600 0.684 1.012
20700 0.687 1.048
20800 0.679 1.029
20900 0.682 1.011
21000 0.686 0.982
21100 0.703 0.952
21200 0.678 1.038
21300 0.683 1.010
21400 0.690 1.004
21500 0.685 0.993
21600 0.693 0.970
21700 0.673 1.018
21800 0.706 0.940
21900 0.690 0.983
22000 0.681 0.976
22100 0.696 0.979
22200 0.682 1.034
22300 0.696 0.961
22400 0.687 1.007
22500 0.669 1.036
22600 0.684 1.019
22700 0.702 0.978
22800 0.692 0.983
22900 0.681 1.032
23000 0.694 0.971
23100 0.701 0.978
23200 0.711 0.931
23300 0.682 0.996
23400 0.693 1.007
23500 0.688 0.984
23600 0.701 0.964
23700 0.690 0.999
23800 0.677 1.006
23900 0.706 0.949
24000 0.685 1.009
24100 0.683 0.985
24200 0.685 0.992
24300 0.689 0.959
24400 0.677 0.976
24500 0.663 1.067
24600 0.692 0.994
24700 0.680 0.993
24800 0.688 1.015
24900 0.695 0.956
25000 0.685 0.998
25100 0.697 1.001
25200 0.676 1.051
25300 0.700 1.007
25400 0.692 0.975
25500 0.703 0.961
25600 0.702 0.970
25700 0.705 0.952
25800 0.702 0.936
25900 0.694 0.964
26000 0.671 1.012
26100 0.707 0.960
26200 0.674 0.981
26300 0.686 0.988
26400 0.693 0.953
26500 0.690 0.996
26600 0.686 0.990
26700 0.692 0.982
26800 0.706 0.988
26900 0.692 0.965
27000 0.675 0.995
27100 0.683 1.024
27200 0.682 0.992
27300 0.695 0.999
27400 0.699 0.966
27500 0.680 1.021
27600 0.684 0.976
27700 0.679 1.018
27800 0.717 0.915
27900 0.712 0.934
28000 0.691 0.982
28100 0.672 1.038
28200 0.687 0.992
28300 0.712 0.919
28400 0.709 0.920
28500 0.715 0.950
28600 0.685 0.993
28700 0.703 0.977
28800 0.711 0.955
28900 0.699 0.979
29000 0.680 1.037
29100 0.698 0.970
29200 0.698 0.966
29300 0.680 1.011
29400 0.677 1.023
29500 0.718 0.897
29600 0.704 0.960
29700 0.692 0.995
29800 0.688 0.975
29900 0.690 0.976
30000 0.698 0.975
30100 0.684 0.981
30200 0.704 0.929
30300 0.698 0.953
30400 0.706 0.948
30500 0.686 0.972
30600 0.711 0.919
30700 0.702 0.973
30800 0.698 0.965
30900 0.693 0.982
31000 0.734 0.893
31100 0.699 0.984
31200 0.681 0.980
31300 0.692 0.964
31400 0.702 0.944
31500 0.689 0.994
31600 0.692 0.973
31700 0.679 0.978
31800 0.693 0.956
31900 0.678 1.040
32000 0.718 0.926
32100 0.682 0.992
32200 0.703 0.946
32300 0.681 1.001
32400 0.719 0.937
32500 0.706 0.950
32600 0.705 0.974
32700 0.701 0.957
32800 0.702 0.938
32900 0.693 0.994
33000 0.684 1.014
33100 0.696 0.961
33200 0.708 0.950
33300 0.691 0.979
33400 0.689 0.974
33500 0.689 0.967
33600 0.715 0.942
33700 0.703 0.904
33800 0.693 0.958
33900 0.702 0.954
34000 0.703 0.959
34100 0.716 0.925
34200 0.686 0.963
34300 0.702 0.972
34400 0.712 0.926
34500 0.702 0.952
34600 0.697 0.966
34700 0.695 1.010
34800 0.719 0.928
34900 0.702 0.913
35000 0.693 0.970
35100 0.702 0.969
35200 0.712 0.921
35300 0.720 0.885
35400 0.681 1.000
35500 0.691 0.998
35600 0.680 1.002
35700 0.694 0.970
35800 0.709 0.932
35900 0.699 0.994
36000 0.690 0.959
36100 0.681 1.009
36200 0.697 0.947
36300 0.703 0.945
36400 0.698 0.960
36500 0.684 0.984
36600 0.698 0.959
36700 0.689 0.950
36800 0.707 0.936
36900 0.705 0.959
37000 0.705 0.961
37100 0.700 0.940
37200 0.710 0.945
37300 0.699 0.963
37400 0.716 0.871
37500 0.689 0.966
37600 0.715 0.925
37700 0.698 0.952
37800 0.695 0.970
37900 0.698 0.951
38000 0.699 0.966
38100 0.698 0.967
38200 0.691 0.984
38300 0.700 0.953
38400 0.708 0.941
38500 0.708 0.952
38600 0.702 0.936
38700 0.704 0.941
38800 0.703 0.942
38900 0.707 0.888
39000 0.708 0.899
39100 0.708 0.921
39200 0.707 0.933
39300 0.692 0.966
39400 0.699 0.968
39500 0.695 0.932
39600 0.709 0.961
39700 0.714 0.942
39800 0.701 0.968
39900 0.711 0.921
40000 0.678 0.999
40100 0.693 0.961
40200 0.685 0.984
40300 0.692 0.938
40400 0.689 0.990
40500 0.686 0.985
40600 0.693 0.951
40700 0.699 0.974
40800 0.706 0.956
40900 0.701 0.945
41000 0.691 1.003
41100 0.698 0.924
41200 0.703 0.916
41300 0.711 0.944
41400 0.686 0.981
41500 0.711 0.940
41600 0.698 0.988
41700 0.698 0.924
41800 0.706 0.915
41900 0.699 0.927
42000 0.722 0.888
42100 0.671 0.989
42200 0.700 0.949
42300 0.711 0.945
42400 0.702 0.964
42500 0.715 0.912
42600 0.698 0.956
42700 0.706 0.933
42800 0.692 0.976
42900 0.713 0.934
43000 0.711 0.932
43100 0.705 0.928
43200 0.712 0.956
43300 0.711 0.943
43400 0.713 0.877
43500 0.705 0.908
43600 0.698 0.960
43700 0.706 0.918
43800 0.711 0.936
43900 0.695 0.976
44000 0.692 0.987
44100 0.693 0.963
44200 0.703 0.943
44300 0.707 0.948
44400 0.705 0.953
44500 0.723 0.891
44600 0.707 0.908
44700 0.690 0.970
44800 0.694 0.951
44900 0.705 0.937
45000 0.710 0.941
45100 0.716 0.909
45200 0.726 0.864
45300 0.710 0.919
45400 0.703 0.920
45500 0.687 0.982
45600 0.699 0.966
45700 0.703 0.937
45800 0.714 0.923
45900 0.719 0.895
46000 0.688 0.988
46100 0.703 0.976
46200 0.692 0.938
46300 0.703 0.954
46400 0.706 0.942
46500 0.710 0.900
46600 0.704 0.932
46700 0.690 0.980
46800 0.707 0.968
46900 0.709 0.943
47000 0.724 0.885
47100 0.701 0.939
47200 0.689 0.975
47300 0.724 0.887
47400 0.691 0.924
47500 0.695 0.940
47600 0.706 0.935
47700 0.701 0.957
47800 0.690 0.969
47900 0.712 0.933
48000 0.711 0.925
48100 0.701 0.939
48200 0.712 0.902
48300 0.707 0.909
48400 0.688 0.987
48500 0.705 0.914
48600 0.703 0.943
48700 0.726 0.896
48800 0.705 0.940
48900 0.696 0.979
49000 0.704 0.955
49100 0.727 0.879
49200 0.703 0.923
49300 0.703 0.958
49400 0.693 0.956
49500 0.698 0.933
49600 0.682 0.988
49700 0.676 1.009
49800 0.692 0.972
49900 0.729 0.880
50000 0.702 0.974
