#model_type   : LSTM
#input_length : 17
#input_dim    : 10
#num_classes  : 10
#num_hidden   : 128
#batch_size   : 128
#learn_rate   : 0.001
#train_steps  : 800
#max_norm     : 10.0
#train_step accuracy loss
0 0.096 2.313
5 0.203 2.184
10 0.356 1.822
15 0.459 1.593
20 0.555 1.301
25 0.612 1.150
30 0.683 0.942
35 0.734 0.786
40 0.784 0.669
45 0.796 0.581
50 0.837 0.499
55 0.890 0.370
60 0.900 0.320
65 0.893 0.335
70 0.947 0.195
75 0.952 0.177
80 0.953 0.168
85 0.920 0.263
90 0.962 0.142
95 0.971 0.108
100 0.968 0.124
105 0.977 0.100
110 0.992 0.048
115 0.987 0.060
120 0.985 0.058
125 0.992 0.044
130 0.988 0.058
135 0.996 0.034
