#model_type   : LSTM
#input_length : 17
#input_dim    : 10
#num_classes  : 10
#num_hidden   : 128
#batch_size   : 128
#learn_rate   : 0.001
#train_steps  : 800
#max_norm     : 10.0
#train_step accuracy loss
0 0.112 2.312
5 0.234 2.100
10 0.316 1.904
15 0.362 1.757
20 0.399 1.630
25 0.506 1.410
30 0.558 1.246
35 0.646 1.015
40 0.668 0.951
45 0.737 0.777
50 0.807 0.588
55 0.822 0.531
60 0.844 0.477
65 0.909 0.323
70 0.890 0.352
75 0.935 0.233
80 0.945 0.198
85 0.947 0.194
90 0.965 0.136
95 0.967 0.118
100 0.980 0.083
105 0.955 0.145
110 0.982 0.070
115 0.988 0.059
120 0.962 0.125
125 0.989 0.054
130 0.988 0.047
135 0.993 0.036
140 0.996 0.028
