#model_type   : LSTM
#input_length : 5
#input_dim    : 10
#num_classes  : 10
#num_hidden   : 128
#batch_size   : 128
#learn_rate   : 0.001
#train_steps  : 800
#max_norm     : 10.0
#train_step accuracy loss
0 0.110 2.313
1 0.291 2.154
2 0.329 2.069
3 0.370 1.961
4 0.389 1.844
5 0.451 1.689
6 0.527 1.513
7 0.595 1.344
8 0.692 1.150
9 0.747 0.949
10 0.808 0.774
11 0.868 0.636
12 0.842 0.549
13 0.883 0.446
14 0.841 0.468
15 0.904 0.355
16 0.929 0.284
17 0.951 0.229
18 0.960 0.197
19 0.973 0.169
20 0.971 0.163
21 0.982 0.127
22 0.983 0.116
23 0.984 0.106
24 0.988 0.099
25 0.990 0.085
26 0.989 0.085
27 0.992 0.075
28 0.997 0.063
