#model_type   : LSTM
#input_length : 13
#input_dim    : 10
#num_classes  : 10
#num_hidden   : 128
#batch_size   : 128
#learn_rate   : 0.001
#train_steps  : 800
#max_norm     : 10.0
#train_step accuracy loss
0 0.115 2.306
5 0.237 2.149
10 0.475 1.515
15 0.614 1.127
20 0.699 0.873
25 0.816 0.570
30 0.853 0.453
35 0.840 0.450
40 0.914 0.283
45 0.946 0.199
50 0.966 0.135
55 0.958 0.142
60 0.978 0.096
65 0.953 0.151
70 0.964 0.132
75 0.988 0.055
80 0.977 0.073
85 0.987 0.054
90 0.990 0.042
95 0.998 0.023
