#model_type   : LSTM
#input_length : 13
#input_dim    : 10
#num_classes  : 10
#num_hidden   : 128
#batch_size   : 128
#learn_rate   : 0.001
#train_steps  : 800
#max_norm     : 10.0
#train_step accuracy loss
0 0.099 2.304
5 0.391 1.878
10 0.470 1.545
15 0.611 1.116
20 0.724 0.830
25 0.765 0.679
30 0.855 0.462
35 0.848 0.444
40 0.921 0.260
45 0.919 0.256
50 0.964 0.143
55 0.971 0.116
60 0.977 0.090
65 0.979 0.086
70 0.990 0.054
75 0.994 0.040
80 0.992 0.041
85 0.991 0.040
90 0.994 0.032
95 0.996 0.025
