#model_type   : RNN
#input_length : 33
#input_dim    : 10
#num_classes  : 10
#num_hidden   : 128
#batch_size   : 128
#learn_rate   : 0.001
#train_steps  : 1000
#max_norm     : 10.0
#train_step accuracy loss
0 0.103 2.374
10 0.230 2.153
20 0.102 2.344
30 0.250 2.025
40 0.162 2.282
50 0.001 2.941
60 0.214 1.758
70 0.230 1.844
80 0.148 2.061
90 0.337 1.523
100 0.364 1.513
110 0.079 2.421
120 0.353 1.449
130 0.467 1.249
140 0.185 1.911
150 0.485 1.150
160 0.073 1.983
170 0.516 1.085
180 0.504 1.090
190 0.381 1.242
200 0.586 0.945
210 0.434 1.141
220 0.586 0.891
230 0.637 0.810
240 0.328 1.216
250 0.666 0.755
260 0.688 0.722
270 0.572 0.846
280 0.757 0.650
290 0.229 1.570
300 0.764 0.620
310 0.787 0.564
320 0.854 0.484
330 0.489 1.018
340 0.258 1.552
350 0.538 0.981
360 0.869 0.508
370 0.844 0.635
380 0.848 0.459
390 0.862 0.421
400 0.000 3.771
410 0.945 0.306
420 0.109 2.676
430 0.773 0.537
440 0.799 0.471
450 0.794 0.478
460 0.764 0.548
470 0.780 0.503
480 0.796 0.449
490 0.805 0.418
500 0.816 0.412
510 0.828 0.396
520 0.814 0.398
530 0.817 0.377
540 0.831 0.374
550 0.817 0.376
560 0.853 0.343
570 0.000 5.506
580 0.207 1.853
590 0.693 0.765
600 0.774 0.663
610 0.775 0.567
620 0.845 0.496
630 0.816 0.465
640 0.824 0.436
650 0.866 0.401
660 0.873 0.364
670 0.884 0.348
680 0.890 0.345
690 0.894 0.307
700 0.902 0.367
710 0.914 0.317
720 0.928 0.274
730 0.934 0.243
740 0.925 0.253
750 0.945 0.235
760 0.943 0.229
770 0.961 0.173
780 0.704 0.788
790 0.966 0.148
800 0.886 0.249
810 0.906 0.219
820 0.915 0.203
830 0.913 0.215
840 0.923 0.193
850 0.789 0.515
860 0.875 0.375
870 0.893 0.282
880 0.916 0.258
890 0.907 0.243
900 0.924 0.224
910 0.918 0.215
920 0.911 0.219
930 0.915 0.222
940 0.929 0.187
950 0.852 0.292
960 0.888 0.245
970 0.912 0.221
980 0.828 0.570
990 0.846 0.469
1000 0.859 0.417
